{
 "cells": [
  {
   "cell_type": "code",
   "execution_count": 4,
   "metadata": {},
   "outputs": [],
   "source": [
    "#import dependencies\n",
    "import pandas as pd\n",
    "import scipy.stats as st"
   ]
  },
  {
   "cell_type": "code",
   "execution_count": 5,
   "metadata": {},
   "outputs": [
    {
     "data": {
      "text/html": [
       "<div>\n",
       "<style scoped>\n",
       "    .dataframe tbody tr th:only-of-type {\n",
       "        vertical-align: middle;\n",
       "    }\n",
       "\n",
       "    .dataframe tbody tr th {\n",
       "        vertical-align: top;\n",
       "    }\n",
       "\n",
       "    .dataframe thead th {\n",
       "        text-align: right;\n",
       "    }\n",
       "</style>\n",
       "<table border=\"1\" class=\"dataframe\">\n",
       "  <thead>\n",
       "    <tr style=\"text-align: right;\">\n",
       "      <th></th>\n",
       "      <th>City_ID</th>\n",
       "      <th>City</th>\n",
       "      <th>Cloudiness</th>\n",
       "      <th>Country</th>\n",
       "      <th>Date</th>\n",
       "      <th>Humidity</th>\n",
       "      <th>Lat</th>\n",
       "      <th>Lng</th>\n",
       "      <th>Max Temp</th>\n",
       "      <th>Wind Speed</th>\n",
       "    </tr>\n",
       "  </thead>\n",
       "  <tbody>\n",
       "    <tr>\n",
       "      <th>0</th>\n",
       "      <td>0</td>\n",
       "      <td>jacareacanga</td>\n",
       "      <td>0</td>\n",
       "      <td>BR</td>\n",
       "      <td>1528902000</td>\n",
       "      <td>62</td>\n",
       "      <td>-6.22</td>\n",
       "      <td>-57.76</td>\n",
       "      <td>89.60</td>\n",
       "      <td>6.93</td>\n",
       "    </tr>\n",
       "    <tr>\n",
       "      <th>1</th>\n",
       "      <td>1</td>\n",
       "      <td>kaitangata</td>\n",
       "      <td>100</td>\n",
       "      <td>NZ</td>\n",
       "      <td>1528905304</td>\n",
       "      <td>94</td>\n",
       "      <td>-46.28</td>\n",
       "      <td>169.85</td>\n",
       "      <td>42.61</td>\n",
       "      <td>5.64</td>\n",
       "    </tr>\n",
       "    <tr>\n",
       "      <th>2</th>\n",
       "      <td>2</td>\n",
       "      <td>goulburn</td>\n",
       "      <td>20</td>\n",
       "      <td>AU</td>\n",
       "      <td>1528905078</td>\n",
       "      <td>91</td>\n",
       "      <td>-34.75</td>\n",
       "      <td>149.72</td>\n",
       "      <td>44.32</td>\n",
       "      <td>10.11</td>\n",
       "    </tr>\n",
       "    <tr>\n",
       "      <th>3</th>\n",
       "      <td>3</td>\n",
       "      <td>lata</td>\n",
       "      <td>76</td>\n",
       "      <td>IN</td>\n",
       "      <td>1528905305</td>\n",
       "      <td>89</td>\n",
       "      <td>30.78</td>\n",
       "      <td>78.62</td>\n",
       "      <td>59.89</td>\n",
       "      <td>0.94</td>\n",
       "    </tr>\n",
       "    <tr>\n",
       "      <th>4</th>\n",
       "      <td>4</td>\n",
       "      <td>chokurdakh</td>\n",
       "      <td>0</td>\n",
       "      <td>RU</td>\n",
       "      <td>1528905306</td>\n",
       "      <td>88</td>\n",
       "      <td>70.62</td>\n",
       "      <td>147.90</td>\n",
       "      <td>32.17</td>\n",
       "      <td>2.95</td>\n",
       "    </tr>\n",
       "  </tbody>\n",
       "</table>\n",
       "</div>"
      ],
      "text/plain": [
       "   City_ID          City  Cloudiness Country        Date  Humidity    Lat  \\\n",
       "0        0  jacareacanga           0      BR  1528902000        62  -6.22   \n",
       "1        1    kaitangata         100      NZ  1528905304        94 -46.28   \n",
       "2        2      goulburn          20      AU  1528905078        91 -34.75   \n",
       "3        3          lata          76      IN  1528905305        89  30.78   \n",
       "4        4    chokurdakh           0      RU  1528905306        88  70.62   \n",
       "\n",
       "      Lng  Max Temp  Wind Speed  \n",
       "0  -57.76     89.60        6.93  \n",
       "1  169.85     42.61        5.64  \n",
       "2  149.72     44.32       10.11  \n",
       "3   78.62     59.89        0.94  \n",
       "4  147.90     32.17        2.95  "
      ]
     },
     "execution_count": 5,
     "metadata": {},
     "output_type": "execute_result"
    }
   ],
   "source": [
    "#Load and read data\n",
    "weather_csv = \"WebVisualizations/Resources/cities.csv\"\n",
    "weather_data = pd.read_csv(weather_csv)\n",
    "\n",
    "weather_data.head()"
   ]
  },
  {
   "cell_type": "code",
   "execution_count": 27,
   "metadata": {},
   "outputs": [
    {
     "name": "stdout",
     "output_type": "stream",
     "text": [
      "\n",
      "The correlation between latitude and cloudiness is 0.01\n",
      "\n",
      "The correlation between latitude and wind speed is 0.02\n",
      "\n",
      "The correlation between latitude and Humidity is -0.14\n",
      "\n"
     ]
    }
   ],
   "source": [
    "#Calculate the correlations\n",
    "corr=round(st.pearsonr(weather_data['Lat'],weather_data['Cloudiness'])[0],2)\n",
    "print(f\"\\nThe correlation between latitude and cloudiness is {corr}\")\n",
    "\n",
    "corr=round(st.pearsonr(weather_data['Lat'],weather_data['Wind Speed'])[0],2)\n",
    "print(f\"\\nThe correlation between latitude and wind speed is {corr}\")\n",
    "\n",
    "corr=round(st.pearsonr(weather_data['Lat'],weather_data['Humidity'])[0],2)\n",
    "print(f\"\\nThe correlation between latitude and Humidity is {corr}\\n\")"
   ]
  },
  {
   "cell_type": "code",
   "execution_count": 16,
   "metadata": {},
   "outputs": [
    {
     "data": {
      "text/html": [
       "<div>\n",
       "<style scoped>\n",
       "    .dataframe tbody tr th:only-of-type {\n",
       "        vertical-align: middle;\n",
       "    }\n",
       "\n",
       "    .dataframe tbody tr th {\n",
       "        vertical-align: top;\n",
       "    }\n",
       "\n",
       "    .dataframe thead th {\n",
       "        text-align: right;\n",
       "    }\n",
       "</style>\n",
       "<table border=\"1\" class=\"dataframe\">\n",
       "  <thead>\n",
       "    <tr style=\"text-align: right;\">\n",
       "      <th></th>\n",
       "      <th>City_ID</th>\n",
       "      <th>Cloudiness</th>\n",
       "      <th>Date</th>\n",
       "      <th>Humidity</th>\n",
       "      <th>Lat</th>\n",
       "      <th>Lng</th>\n",
       "      <th>Max Temp</th>\n",
       "      <th>Wind Speed</th>\n",
       "    </tr>\n",
       "  </thead>\n",
       "  <tbody>\n",
       "    <tr>\n",
       "      <th>City_ID</th>\n",
       "      <td>1.000000</td>\n",
       "      <td>0.015659</td>\n",
       "      <td>0.117144</td>\n",
       "      <td>-0.105513</td>\n",
       "      <td>0.054532</td>\n",
       "      <td>-0.004614</td>\n",
       "      <td>0.115053</td>\n",
       "      <td>-0.045039</td>\n",
       "    </tr>\n",
       "    <tr>\n",
       "      <th>Cloudiness</th>\n",
       "      <td>0.015659</td>\n",
       "      <td>1.000000</td>\n",
       "      <td>-0.126315</td>\n",
       "      <td>0.469194</td>\n",
       "      <td>0.009084</td>\n",
       "      <td>0.064882</td>\n",
       "      <td>-0.146087</td>\n",
       "      <td>0.118079</td>\n",
       "    </tr>\n",
       "    <tr>\n",
       "      <th>Date</th>\n",
       "      <td>0.117144</td>\n",
       "      <td>-0.126315</td>\n",
       "      <td>1.000000</td>\n",
       "      <td>0.139576</td>\n",
       "      <td>-0.074769</td>\n",
       "      <td>0.317014</td>\n",
       "      <td>0.037791</td>\n",
       "      <td>-0.110261</td>\n",
       "    </tr>\n",
       "    <tr>\n",
       "      <th>Humidity</th>\n",
       "      <td>-0.105513</td>\n",
       "      <td>0.469194</td>\n",
       "      <td>0.139576</td>\n",
       "      <td>1.000000</td>\n",
       "      <td>-0.136142</td>\n",
       "      <td>0.178542</td>\n",
       "      <td>-0.374289</td>\n",
       "      <td>0.070996</td>\n",
       "    </tr>\n",
       "    <tr>\n",
       "      <th>Lat</th>\n",
       "      <td>0.054532</td>\n",
       "      <td>0.009084</td>\n",
       "      <td>-0.074769</td>\n",
       "      <td>-0.136142</td>\n",
       "      <td>1.000000</td>\n",
       "      <td>-0.073901</td>\n",
       "      <td>-0.167460</td>\n",
       "      <td>0.024698</td>\n",
       "    </tr>\n",
       "    <tr>\n",
       "      <th>Lng</th>\n",
       "      <td>-0.004614</td>\n",
       "      <td>0.064882</td>\n",
       "      <td>0.317014</td>\n",
       "      <td>0.178542</td>\n",
       "      <td>-0.073901</td>\n",
       "      <td>1.000000</td>\n",
       "      <td>-0.060125</td>\n",
       "      <td>-0.081343</td>\n",
       "    </tr>\n",
       "    <tr>\n",
       "      <th>Max Temp</th>\n",
       "      <td>0.115053</td>\n",
       "      <td>-0.146087</td>\n",
       "      <td>0.037791</td>\n",
       "      <td>-0.374289</td>\n",
       "      <td>-0.167460</td>\n",
       "      <td>-0.060125</td>\n",
       "      <td>1.000000</td>\n",
       "      <td>0.018827</td>\n",
       "    </tr>\n",
       "    <tr>\n",
       "      <th>Wind Speed</th>\n",
       "      <td>-0.045039</td>\n",
       "      <td>0.118079</td>\n",
       "      <td>-0.110261</td>\n",
       "      <td>0.070996</td>\n",
       "      <td>0.024698</td>\n",
       "      <td>-0.081343</td>\n",
       "      <td>0.018827</td>\n",
       "      <td>1.000000</td>\n",
       "    </tr>\n",
       "  </tbody>\n",
       "</table>\n",
       "</div>"
      ],
      "text/plain": [
       "             City_ID  Cloudiness      Date  Humidity       Lat       Lng  \\\n",
       "City_ID     1.000000    0.015659  0.117144 -0.105513  0.054532 -0.004614   \n",
       "Cloudiness  0.015659    1.000000 -0.126315  0.469194  0.009084  0.064882   \n",
       "Date        0.117144   -0.126315  1.000000  0.139576 -0.074769  0.317014   \n",
       "Humidity   -0.105513    0.469194  0.139576  1.000000 -0.136142  0.178542   \n",
       "Lat         0.054532    0.009084 -0.074769 -0.136142  1.000000 -0.073901   \n",
       "Lng        -0.004614    0.064882  0.317014  0.178542 -0.073901  1.000000   \n",
       "Max Temp    0.115053   -0.146087  0.037791 -0.374289 -0.167460 -0.060125   \n",
       "Wind Speed -0.045039    0.118079 -0.110261  0.070996  0.024698 -0.081343   \n",
       "\n",
       "            Max Temp  Wind Speed  \n",
       "City_ID     0.115053   -0.045039  \n",
       "Cloudiness -0.146087    0.118079  \n",
       "Date        0.037791   -0.110261  \n",
       "Humidity   -0.374289    0.070996  \n",
       "Lat        -0.167460    0.024698  \n",
       "Lng        -0.060125   -0.081343  \n",
       "Max Temp    1.000000    0.018827  \n",
       "Wind Speed  0.018827    1.000000  "
      ]
     },
     "execution_count": 16,
     "metadata": {},
     "output_type": "execute_result"
    }
   ],
   "source": [
    "weather_data.corr()"
   ]
  }
 ],
 "metadata": {
  "kernelspec": {
   "display_name": "Python 3",
   "language": "python",
   "name": "python3"
  },
  "language_info": {
   "codemirror_mode": {
    "name": "ipython",
    "version": 3
   },
   "file_extension": ".py",
   "mimetype": "text/x-python",
   "name": "python",
   "nbconvert_exporter": "python",
   "pygments_lexer": "ipython3",
   "version": "3.7.4"
  }
 },
 "nbformat": 4,
 "nbformat_minor": 4
}
